//格式
;编号|灵佑点|内功吸收 10
=4
1|5|0|防爆 1
2|50|1|内力值上限 500
3|70|1|内力值上限 620
4|110|1|内力值上限 950
5|160|1|内力值上限 1250
6|180|1|内力值上限 1900
7|450|1|内力值上限 2500
8|650|1|内力值上限 3200
9|900|1|内力值上限 5000
10|1000|1|内力值上限 6250
11|2100|1|内力值上限 12500
12|3300|1|内力值上限 18900
13|4500|1|内力值上限 25000
14|7000|1|内力值上限 38000
15|10000|1|内力值上限 50000
16|50|1|内力恢复速率 3
17|70|1|内力恢复速率 5
18|110|1|内力恢复速率 7
19|160|1|内力恢复速率 10
20|180|1|内力恢复速率 15
21|450|1|内力恢复速率 20
22|650|1|内力恢复速率 25
23|900|1|内力恢复速率 30
24|1000|1|内力恢复速率 40
25|2100|1|内力恢复速率 60
26|3300|1|内力恢复速率 80
27|4500|1|内力恢复速率 100
28|7000|1|内力恢复速率 150
29|10000|1|内力恢复速率 200
30|80|1|连击威力增强 100
31|180|1|连击威力增强 200
32|300|1|连击威力增强 300
33|450|1|连击威力增强 400
34|700|1|连击威力增强 550
35|1000|1|连击威力增强 700
36|1400|1|连击威力增强 1000
37|2300|1|连击威力增强 1400
38|3200|1|连击威力增强 2000
39|4400|1|连击威力增强 2500
40|4800|1|连击威力增强 3000
41|8000|1|连击威力增强 3500
42|8500|1|连击威力增强 4000
43|12500|1|连击威力增强 5000
44|80|1|合击威力 100
45|160|1|合击威力 200
46|350|1|合击威力 400
47|540|1|合击威力 600
48|750|1|合击威力 800
49|1000|1|合击威力 1000
50|2100|1|合击威力 2000
51|4500|1|合击威力 4000
52|7000|1|合击威力 6000
53|9600|1|合击威力 8000
54|6000|1|怒之剑术增强 1000
55|8000|1|怒之剑术增强 1500
56|9000|1|怒之剑术增强 2000
57|12500|1|怒之剑术增强 3000
58|6000|1|怒之火雨增强 500
59|8000|1|怒之火雨增强 750
60|9000|1|怒之火雨增强 1000
61|12500|1|怒之火雨增强 1500
62|6000|1|怒之火符增强 1000
63|8000|1|怒之火符增强 1500
64|9000|1|怒之火符增强 2000
65|12500|1|怒之火符增强 3000
66|2000|1|内功吸收 60
67|4500|1|内功吸收 120
68|7000|1|内功吸收 180
69|9000|1|内功吸收 240
70|12000|1|内功吸收 300
71|5000|0|合击等级 1
72|100|1|内伤等级 100
73|250|1|内伤等级 200
74|420|1|内伤等级 300
75|600|1|内伤等级 350
76|800|1|内伤等级 400
77|1750|1|内伤等级 450
78|2650|1|内伤等级 550
79|3500|1|内伤等级 750
80|4400|1|内伤等级 1000
81|5300|1|内伤等级 1400
82|6150|1|内伤等级 1800
83|8000|1|内伤等级 2500
84|8500|1|内伤等级 3600
85|12500|1|内伤等级 4000
86|6000|1|怒之暴击术增强 1000
87|8000|1|怒之暴击术增强 1500
88|9000|1|怒之暴击术增强 2000
89|12500|1|怒之暴击术增强 3000