# 内部称号从1-999，外部称号从1000开始编号
# 称号类型中 0：表示可以允许多个 1：表示唯一
# 称号级别中 1：表示普通称号 2：表示高级称号
# 时效及周期全部采用小时制，周期大于0则称号管理模块会自动管理周期
# 称号编号	称号名称	称号级别	时效(小时)	周期(h)	图片	称号奖励	MAXHP	MAXMAC	MAXAC	MAXDC	MAXMC	MAXSC	敏捷	防爆	AC	DC	MC	SC	EXP	EXP(%)	UnionDamage	称号类型	价格
   1	        战神	          2	        168	        168	711	攻击上限+10	0	0	0	  10	  0	  0	 0	 0	0	0	0	0	0	0	0	          1	         0
   2	        法圣    	  2	        168	        168	706	魔法上限+10	0	0	0	  0	  10	  0	 0	 0	0	0	0	0	0	0	0	          1	         0
   3	        道尊    	  2	        168	        168	696	道力上限+10	0	0	0	  0	  0	  10	 0	 0	0	0	0	0	0	0	0	          1	         0
   4	        沙巴克城主	  2	        168	        168	691	体力上限+200	200	0	0	  0	  0	  0	 0	 0	0	0	0	0	0	0	0	          1	         0
   1000	        兵贵神速	  2	        24	        24	701	免10次卷轴	0	0	0	  0	  0	  0	 0	 0	0	0	0	0	0	0	0	          0	         0
   1002	        玛法主宰者	  2	        4320	        24	716	拥有很多特权	0	0	0	  0	  0	  0	 0	 0	0	0	0	0	0	0	0	          0	         68888
   1003		行会之星	  2		48		0	701	可以参加活动	0	0	0	  0	  0	  0	 0	 0	0	0	0	0	0	0	0		  0		 0	