;穴位编号  穴位名称  所属筋脉编号  经脉名称 打通概率  防御下限 防御上限 魔防下限 魔防上限 伤害吸收 伤害减少   内功等级
1	  神冲	     0		    奇经	100       0         0         0       0         1         0       0
2 	  二百	     0		    奇经	100       0         0         0       0         2         0       0
3	  夹脊	     0		    奇经	100       0         0         0       0         3         0       0
4	  阑尾	     0		    奇经	100       0         0         0       0         4         0       0
5	  八风	     0		    奇经	100       0         0         0       0         5         0       0
6	  幽门	     1		    冲脉	100         0         3         0       0         0         0	  5
7	  通谷	     1	 	    冲脉	100         0         0         0       3         0         0       7
8	  商曲	     1		    冲脉	100         3         0         0       0         0         0       10
9	  四满	     1		    冲脉	100         0         0         3       0         0         0       13
10	  横骨	     1  	    冲脉    	100         0         2         0       0         0         0       15
11	  睛明	     2		    阴跷    	80         0         0         0       2         0         0       19
12	  盘缺	     2		    阴跷	80         2         0         0       0         0         0       23
13	  交信	     2		    阴跷	80         0         0         2       0         0         0       25
14	  照海	     2		    阴跷	80         0         1         0       0         0         0       27
15	  然谷	     2		    阴跷	80         0         0         0       1         0         0       33
16  	  廉泉	     3	    	    阴维	60         1         0         0       0         0         0       36
17	  期门	     3		    阴维	60         0         0         1       0         0         0       39
18	  府舍	     3		    阴维	60         0         0         0       0         0         0       45
19	  冲门	     3		    阴维	60         0         0         0       0         0         0       48
20	  筑宾	     3		    阴维	60         0         0         0       0         0         0       52
21	  承浆	     4		    任脉	50         0         0         0       0         0         0       56
22 	  天突	     4		    任脉	50         0         0         0       0         0         0       62
23	  鸠尾 	     4 	 	    任脉	50         0         0         0       0         0         0       72
24	  气海	     4		    任脉	50         0         0         0       0         0         0       81
25	  曲骨	     4		    任脉	50         0         0         0       0         0         0       95
