;经脉编号 经脉名称    等级   爆击率   防御下限 防御上限 魔防下限 魔防上限 伤害吸收 伤害减少  爆击加成伤害
0	  奇经      1        0       0         0         0       0         1         0   	50
0	  奇经      2        0       0         0         0       0         2         0		50
0	  奇经      3        0       0         0         0       0         3         0		50
0	  奇经      4        0       0         0         0       0         4         0		50
0	  奇经      5        0       0         0         0       0         5         0		50
1	  冲脉	    1        0       0         0         1       0         0         0		50
1	  冲脉	    2	     0	      1         0         0       0         0         0		50	
1	  冲脉	    3	     0	      0         0         0       0         0         2		50	
1	  冲脉	    4	     0	      0         0         0       0         0         3		50
1	  冲脉      5        0       0         0         0       0         0         4		50
2	  阴跷      1        0        0         0         1       0         0         0		50
2	  阴跷      2        0       1         0         0       0         0         0		50
2	  阴跷      3	     0	      0         0         0       0         0         2		50
2	  阴跷      4	     0       0         0         0       0         0         3		50
2	  阴跷      5        0       0         0         0       0         0         4		50
3	  阴维      1        0        0         0         1       0         0         0		50
3	  阴维      2        0       1         0         0       0         0         0		50
3	  阴维      3        0       0         0         0       0         0         2		50
3	  阴维      4        0       0         0         0       0         0         3		50
3	  阴维      5        0       0         0         0       0         0         4		50
4	  任脉      1        0        0         0         1       0         0         0		50
4	  任脉      2        0       1         0         0       0         0         0		50
4	  任脉      3        0       0         0         0       0         0         2		50
4	  任脉      4        0       0         0         0       0         0         3		50
4	  任脉      5        0       0         0         0       0         0         4		50
