;穴位编号  穴位名称  所属筋脉编号  经脉名称 打通概率  防御下限 防御上限 魔防下限 魔防上限 伤害吸收 伤害减少   内功等级
1	  神冲	     0		    奇经	100       0         0         0       0         1         0       0
2 	  二百	     0		    奇经	100       0         0         0       0         2         0       0
3	  夹脊	     0		    奇经	100       0         0         0       0         3         0       0
4	  阑尾	     0		    奇经	100       0         0         0       0         4         0       0
5	  八风	     0		    奇经	100       0         0         0       0         5         0       0
6	  幽门	     1		    冲脉	100         0         3         0       0         0         0	  10
7	  通谷	     1	 	    冲脉	100         0         0         0       3         0         0       12
8	  商曲	     1		    冲脉	100         3         0         0       0         0         0       15
9	  四满	     1		    冲脉	100         0         0         3       0         0         0       18
10	  横骨	     1  	    冲脉    	100         0         2         0       0         0         0       20
11	  睛明	     2		    阴跷    	80         0         0         0       2         0         0       24
12	  盘缺	     2		    阴跷	80         2         0         0       0         0         0       28
13	  交信	     2		    阴跷	80         0         0         2       0         0         0       30
14	  照海	     2		    阴跷	80         0         1         0       0         0         0       32
15	  然谷	     2		    阴跷	80         0         0         0       1         0         0       38
16  	  廉泉	     3	    	    阴维	60         1         0         0       0         0         0       41
17	  期门	     3		    阴维	60         0         0         1       0         0         0       44
18	  府舍	     3		    阴维	60         0         0         0       0         0         0       50
19	  冲门	     3		    阴维	60         0         0         0       0         0         0       53
20	  筑宾	     3		    阴维	60         0         0         0       0         0         0       57
21	  承浆	     4		    任脉	50         0         0         0       0         0         0       61
22 	  天突	     4		    任脉	50         0         0         0       0         0         0       67
23	  鸠尾 	     4 	 	    任脉	50         0         0         0       0         0         0       77
24	  气海	     4		    任脉	50         0         0         0       0         0         0       86
25	  曲骨	     4		    任脉	50         0         0         0       0         0         0       100
